#! FIELDS d12.lowest ffw12 dffw12_d12.lowest
#! SET normalisation  1.000000
#! SET min_d12.lowest 0
#! SET max_d12.lowest 1.5
#! SET nbins_d12.lowest  200
#! SET periodic_d12.lowest false
 0.000000 1.976253 0.000000
 0.007500 inf 0.000000
 0.015000 inf 0.000000
 0.022500 inf 0.000000
 0.030000 inf 0.000000
 0.037500 inf 0.000000
 0.045000 inf 0.000000
 0.052500 inf 0.000000
 0.060000 inf 0.000000
 0.067500 inf 0.000000
 0.075000 inf 0.000000
 0.082500 inf 0.000000
 0.090000 inf 0.000000
 0.097500 inf 0.000000
 0.105000 inf 0.000000
 0.112500 inf 0.000000
 0.120000 inf 0.000000
 0.127500 inf 0.000000
 0.135000 inf 0.000000
 0.142500 inf 0.000000
 0.150000 inf 0.000000
 0.157500 inf 0.000000
 0.165000 inf 0.000000
 0.172500 inf 0.000000
 0.180000 inf 0.000000
 0.187500 inf 0.000000
 0.195000 inf 0.000000
 0.202500 inf 0.000000
 0.210000 inf 0.000000
 0.217500 inf 0.000000
 0.225000 inf 0.000000
 0.232500 inf 0.000000
 0.240000 inf 0.000000
 0.247500 inf 0.000000
 0.255000 inf 0.000000
 0.262500 inf 0.000000
 0.270000 inf 0.000000
 0.277500 inf 0.000000
 0.285000 inf 0.000000
 0.292500 inf 0.000000
 0.300000 inf 0.000000
 0.307500 inf 0.000000
 0.315000 inf 0.000000
 0.322500 inf 0.000000
 0.330000 inf 0.000000
 0.337500 inf 0.000000
 0.345000 32.841493 -974.218144
 0.352500 26.212697 -790.835235
 0.360000 20.932616 -614.249605
 0.367500 16.939193 -453.316626
 0.375000 14.024073 -333.411313
 0.382500 11.767437 -278.047556
 0.390000 9.797469 -244.151273
 0.397500 8.190390 -179.578278
 0.405000 7.125754 -105.877581
 0.412500 6.552018 -51.333600
 0.420000 6.282328 -26.542534
 0.427500 6.047297 -42.747693
 0.435000 5.614006 -68.252872
 0.442500 5.141905 -50.454089
 0.450000 4.903712 -14.727971
 0.457500 4.846190 -7.423234
 0.465000 4.719823 -27.207434
 0.472500 4.489239 -28.781299
 0.480000 4.350461 -6.822559
 0.487500 4.372226 9.904935
 0.495000 4.453460 8.500396
 0.502500 4.461029 -8.037567
 0.510000 4.342290 -21.463747
 0.517500 4.165602 -26.302279
 0.525000 3.908682 -45.380534
 0.532500 3.480542 -66.129483
 0.540000 2.972975 -66.446981
 0.547500 2.502036 -59.262846
 0.555000 2.081323 -52.986032
 0.562500 1.708392 -46.827677
 0.570000 1.363707 -46.512079
 0.577500 1.003185 -48.747538
 0.585000 0.667883 -37.823492
 0.592500 0.470524 -13.949486
 0.600000 0.446906 5.292782
 0.607500 0.514933 11.418948
 0.615000 0.628410 20.575778
 0.622500 0.839094 34.302326
 0.630000 1.094297 29.432935
 0.637500 1.248740 11.923115
 0.645000 1.300480 2.945720
 0.652500 1.295034 -5.268727
 0.660000 1.221525 -13.875017
 0.667500 1.098028 -19.168518
 0.675000 0.928497 -26.506532
 0.682500 0.710157 -30.407371
 0.690000 0.493157 -27.072322
 0.697500 0.293282 -27.883237
 0.705000 0.060380 -34.026143
 0.712500 -0.187834 -29.325520
 0.720000 -0.339332 -9.766740
 0.727500 -0.342788 6.131136
 0.735000 -0.301718 1.018893
 0.742500 -0.356668 -15.406080
 0.750000 -0.494763 -18.019178
 0.757500 -0.584051 -4.695280
 0.765000 -0.568926 7.190850
 0.772500 -0.497160 10.633673
 0.780000 -0.421157 8.826473
 0.787500 -0.371310 4.137041
 0.795000 -0.350759 2.075399
 0.802500 -0.328311 3.684797
 0.810000 -0.302390 2.720518
 0.817500 -0.276843 5.111109
 0.825000 -0.219823 8.590939
 0.832500 -0.183787 -1.299817
 0.840000 -0.232987 -8.970144
 0.847500 -0.256982 5.672962
 0.855000 -0.129859 27.026976
 0.862500 0.117224 36.293433
 0.870000 0.392169 36.107253
 0.877500 0.653518 32.576405
 0.885000 0.860259 20.498277
 0.892500 0.953945 5.512712
 0.900000 0.990277 7.393359
 0.907500 1.101506 22.613505
 0.915000 1.311366 30.146336
 0.922500 1.502076 17.650342
 0.930000 1.571550 2.585598
 0.937500 1.573074 -1.548851
 0.945000 1.546196 -5.978747
 0.952500 1.508463 -1.313515
 0.960000 1.562426 15.572901
 0.967500 1.697900 15.362598
 0.975000 1.735047 -6.677478
 0.982500 1.634701 -15.875643
 0.990000 1.557232 -2.488257
 0.997500 1.604180 13.268215
 1.005000 1.717006 13.643896
 1.012500 1.778860 2.187762
 1.020000 1.764784 -4.378139
 1.027500 1.739410 -1.400356
 1.035000 1.757537 6.800754
 1.042500 1.855265 19.877342
 1.050000 2.059191 33.366202
 1.057500 2.319219 31.952919
 1.065000 2.485833 10.202517
 1.072500 2.482668 -8.445425
 1.080000 2.414480 -6.729093
 1.087500 2.417133 8.210318
 1.095000 2.529829 19.326353
 1.102500 2.661306 13.115005
 1.110000 2.726830 6.290971
 1.117500 2.790438 11.146216
 1.125000 2.876956 9.405688
 1.132500 2.909911 -0.860146
 1.140000 2.886196 -3.728868
 1.147500 2.877380 1.804245
 1.155000 2.905523 3.921250
 1.162500 2.916304 -1.562424
 1.170000 2.899207 -1.203539
 1.177500 2.920418 6.975885
 1.185000 2.990761 9.949561
 1.192500 3.056044 7.805333
 1.200000 3.135047 14.733647
 1.207500 3.269387 17.701798
 1.215000 3.349161 1.902348
 1.222500 3.332366 -2.024497
 1.230000 3.367714 11.161957
 1.237500 3.449944 5.580822
 1.245000 3.405201 -17.882043
 1.252500 3.217368 -28.729141
 1.260000 3.034559 -16.207538
 1.267500 3.017043 11.883644
 1.275000 3.176776 25.588594
 1.282500 3.326525 11.068050
 1.290000 3.342666 -4.915047
 1.297500 3.288731 -7.577900
 1.305000 3.259534 1.120457
 1.312500 3.313831 11.714941
 1.320000 3.388485 4.444716
 1.327500 3.357140 -11.564085
 1.335000 3.275203 -5.481266
 1.342500 3.335173 23.318566
 1.350000 3.616491 47.730387
 1.357500 3.954691 34.699128
 1.365000 4.084376 2.824324
 1.372500 4.111561 11.446537
 1.380000 4.289951 32.106280
 1.387500 4.486789 12.883645
 1.395000 4.442156 -22.889577
 1.402500 4.204199 -37.160695
 1.410000 3.919337 -37.234292
 1.417500 3.683637 -23.124487
 1.425000 3.596425 -0.664925
 1.432500 3.639583 8.974017
 1.440000 3.705859 8.758394
 1.447500 3.785703 12.527297
 1.455000 3.862194 3.698680
 1.462500 3.806321 -17.438943
 1.470000 3.675801 -11.850359
 1.477500 3.670905 9.601622
 1.485000 3.781395 16.882761
 1.492500 3.899574 13.306580
 1.500000 3.933892 -2.713363
