#! FIELDS d1.lowest ffw1 dffw1_d1.lowest
#! SET normalisation  1.000000
#! SET min_d1.lowest 0
#! SET max_d1.lowest 1.5
#! SET nbins_d1.lowest  200
#! SET periodic_d1.lowest false
 0.000000 inf 0.000000
 0.007500 inf 0.000000
 0.015000 inf 0.000000
 0.022500 inf 0.000000
 0.030000 inf 0.000000
 0.037500 inf 0.000000
 0.045000 inf 0.000000
 0.052500 inf 0.000000
 0.060000 inf 0.000000
 0.067500 inf 0.000000
 0.075000 inf 0.000000
 0.082500 inf 0.000000
 0.090000 inf 0.000000
 0.097500 inf 0.000000
 0.105000 inf 0.000000
 0.112500 inf 0.000000
 0.120000 inf 0.000000
 0.127500 inf 0.000000
 0.135000 inf 0.000000
 0.142500 inf 0.000000
 0.150000 inf 0.000000
 0.157500 inf 0.000000
 0.165000 inf 0.000000
 0.172500 inf 0.000000
 0.180000 inf 0.000000
 0.187500 -162.307361 -474.648503
 0.195000 -181.495836 -480.713053
 0.202500 -226.609677 -492.312996
 0.210000 -231.548562 -460.924481
 0.217500 -237.836422 -467.801055
 0.225000 -245.014499 -481.096917
 0.232500 -250.732910 -468.287242
 0.240000 -254.911078 -442.269687
 0.247500 -258.376940 -409.734035
 0.255000 -261.359092 -371.726984
 0.262500 -264.004634 -332.163110
 0.270000 -266.348258 -292.543065
 0.277500 -268.394017 -253.018576
 0.285000 -270.143918 -213.645839
 0.292500 -271.599046 -174.409326
 0.300000 -272.760360 -135.293612
 0.307500 -273.628729 -96.289879
 0.315000 -274.204994 -57.400529
 0.322500 -274.490064 -18.641597
 0.330000 -274.485020 19.957176
 0.337500 -274.191219 58.351427
 0.345000 -273.610434 96.470717
 0.352500 -272.745216 134.160054
 0.360000 -271.600217 170.945494
 0.367500 -270.187123 205.181359
 0.375000 -268.542183 231.172777
 0.382500 -266.781003 231.570604
 0.390000 -265.208269 173.892675
 0.397500 -264.270489 67.042680
 0.405000 -264.020799 -2.817048
 0.412500 -264.061449 -9.766164
 0.420000 -264.053143 11.084055
 0.427500 -263.863046 38.612580
 0.435000 -263.462503 68.236357
 0.442500 -262.838664 98.183262
 0.450000 -261.988670 128.558606
 0.457500 -260.908989 159.418020
 0.465000 -259.595820 190.747042
 0.472500 -258.045296 222.425103
 0.480000 -256.252560 254.120735
 0.487500 -254.213481 285.505165
 0.495000 -251.911122 315.386866
 0.502500 -249.335164 343.264774
 0.510000 -246.426179 366.735536
 0.517500 -243.043216 378.705263
 0.525000 -239.490923 374.805218
 0.532500 -235.819151 240.267976
 0.540000 -234.524654 -31.064155
 0.547500 -235.090051 -126.061625
 0.555000 -235.997943 -115.459364
 0.562500 -236.773357 -91.330938
 0.570000 -237.365074 -66.684271
 0.577500 -237.776305 -43.238296
 0.585000 -238.017304 -21.275163
 0.592500 -238.098664 -0.605834
 0.600000 -238.028389 19.267038
 0.607500 -237.809873 39.052760
 0.615000 -237.440976 59.477145
 0.622500 -236.914848 81.026885
 0.630000 -236.222529 103.733662
 0.637500 -235.356783 127.077345
 0.645000 -234.316341 149.968786
 0.652500 -233.109849 170.740826
 0.660000 -231.759761 187.277258
 0.667500 -230.305765 197.585885
 0.675000 -228.796788 200.173292
 0.682500 -227.290688 196.325772
 0.690000 -225.811264 186.572545
 0.697500 -224.404730 175.364354
 0.705000 -223.083947 161.164771
 0.712500 -221.907680 144.312676
 0.720000 -220.893474 118.671832
 0.727500 -220.100270 87.642001
 0.735000 -219.547995 57.181574
 0.742500 -219.209946 31.075625
 0.750000 -219.047176 11.544766
 0.757500 -219.013137 -2.667627
 0.765000 -219.076925 -14.115545
 0.772500 -219.234309 -27.854180
 0.780000 -219.529163 -51.251997
 0.787500 -220.052480 -89.240427
 0.795000 -220.895590 -134.920762
 0.802500 -222.050131 -169.680292
 0.810000 -223.383094 -181.937691
 0.817500 -224.728772 -174.201499
 0.825000 -225.964477 -153.751825
 0.832500 -227.017258 -126.115424
 0.840000 -227.846116 -94.403228
 0.847500 -228.427177 -60.222940
 0.855000 -228.745398 -24.412314
 0.862500 -228.790434 12.569441
 0.870000 -228.554598 50.452090
 0.877500 -228.031813 89.065555
 0.885000 -227.217049 128.296252
 0.892500 -226.105991 168.063770
 0.900000 -224.694818 208.306814
 0.907500 -222.980013 248.969840
 0.915000 -220.957820 289.969657
 0.922500 -218.621083 331.043397
 0.930000 -215.940661 371.170023
 0.937500 -212.768061 406.978442
 0.945000 -208.639883 435.190447
 0.952500 -201.942443 452.008084
 0.960000 -186.951959 460.905376
 0.967500 -149.496760 458.492003
 0.975000 inf 0.000000
 0.982500 inf 0.000000
 0.990000 inf 0.000000
 0.997500 inf 0.000000
 1.005000 inf 0.000000
 1.012500 inf 0.000000
 1.020000 inf 0.000000
 1.027500 inf 0.000000
 1.035000 inf 0.000000
 1.042500 inf 0.000000
 1.050000 inf 0.000000
 1.057500 inf 0.000000
 1.065000 inf 0.000000
 1.072500 inf 0.000000
 1.080000 inf 0.000000
 1.087500 inf 0.000000
 1.095000 inf 0.000000
 1.102500 inf 0.000000
 1.110000 inf 0.000000
 1.117500 inf 0.000000
 1.125000 inf 0.000000
 1.132500 inf 0.000000
 1.140000 inf 0.000000
 1.147500 inf 0.000000
 1.155000 inf 0.000000
 1.162500 inf 0.000000
 1.170000 inf 0.000000
 1.177500 inf 0.000000
 1.185000 inf 0.000000
 1.192500 inf 0.000000
 1.200000 inf 0.000000
 1.207500 inf 0.000000
 1.215000 inf 0.000000
 1.222500 inf 0.000000
 1.230000 inf 0.000000
 1.237500 inf 0.000000
 1.245000 inf 0.000000
 1.252500 inf 0.000000
 1.260000 inf 0.000000
 1.267500 inf 0.000000
 1.275000 inf 0.000000
 1.282500 inf 0.000000
 1.290000 inf 0.000000
 1.297500 inf 0.000000
 1.305000 inf 0.000000
 1.312500 inf 0.000000
 1.320000 inf 0.000000
 1.327500 inf 0.000000
 1.335000 inf 0.000000
 1.342500 inf 0.000000
 1.350000 inf 0.000000
 1.357500 inf 0.000000
 1.365000 inf 0.000000
 1.372500 inf 0.000000
 1.380000 inf 0.000000
 1.387500 inf 0.000000
 1.395000 inf 0.000000
 1.402500 inf 0.000000
 1.410000 inf 0.000000
 1.417500 inf 0.000000
 1.425000 inf 0.000000
 1.432500 inf 0.000000
 1.440000 inf 0.000000
 1.447500 inf 0.000000
 1.455000 inf 0.000000
 1.462500 inf 0.000000
 1.470000 inf 0.000000
 1.477500 inf 0.000000
 1.485000 inf 0.000000
 1.492500 inf 0.000000
 1.500000 inf 0.000000
