#! FIELDS d9.lowest hhw9 dhhw9_d9.lowest
#! SET normalisation  10000.000000
#! SET min_d9.lowest 0
#! SET max_d9.lowest 1.5
#! SET nbins_d9.lowest  200
#! SET periodic_d9.lowest false
 0.000000 0.417300 0.000000
 0.007500 0.000000 0.000000
 0.015000 0.000000 0.000000
 0.022500 0.000000 0.000000
 0.030000 0.000000 0.000000
 0.037500 0.000000 0.000000
 0.045000 0.000000 0.000000
 0.052500 0.000000 0.000000
 0.060000 0.000000 0.000000
 0.067500 0.000000 0.000000
 0.075000 0.000000 0.000000
 0.082500 0.000000 0.000000
 0.090000 0.000000 0.000000
 0.097500 0.000000 0.000000
 0.105000 0.000000 0.000000
 0.112500 0.000000 0.000000
 0.120000 0.000000 0.000000
 0.127500 0.000000 0.000000
 0.135000 0.000000 0.000000
 0.142500 0.000000 0.000000
 0.150000 0.000000 0.000000
 0.157500 0.000000 0.000000
 0.165000 0.000000 0.000000
 0.172500 0.000000 0.000000
 0.180000 0.000000 0.000000
 0.187500 0.000000 0.000000
 0.195000 0.000000 0.000000
 0.202500 0.000000 0.000000
 0.210000 0.000000 0.000000
 0.217500 0.000000 0.000000
 0.225000 0.000000 0.000000
 0.232500 0.000000 0.000000
 0.240000 0.000000 0.000000
 0.247500 0.000000 0.000000
 0.255000 0.000000 0.000000
 0.262500 0.000000 0.000000
 0.270000 0.000000 0.000000
 0.277500 0.000000 0.000000
 0.285000 0.000000 0.000091
 0.292500 0.000006 0.002386
 0.300000 0.000086 0.026330
 0.307500 0.000670 0.161608
 0.315000 0.003258 0.592759
 0.322500 0.010529 1.394667
 0.330000 0.024312 2.235494
 0.337500 0.042621 2.527565
 0.345000 0.061150 2.420669
 0.352500 0.079925 2.661066
 0.360000 0.102002 3.309388
 0.367500 0.131905 4.858038
 0.375000 0.176186 6.857520
 0.382500 0.231177 7.522292
 0.390000 0.285370 6.731893
 0.397500 0.329249 4.829890
 0.405000 0.358682 3.377637
 0.412500 0.388227 5.064499
 0.420000 0.438018 8.020424
 0.427500 0.500770 8.166542
 0.435000 0.555880 6.577179
 0.442500 0.602343 6.074118
 0.450000 0.649286 6.621910
 0.457500 0.705103 8.599133
 0.465000 0.780824 11.499214
 0.472500 0.868647 10.997791
 0.480000 0.931229 5.127059
 0.487500 0.947024 -0.046900
 0.495000 0.948400 1.669436
 0.502500 0.982756 7.646479
 0.510000 1.057951 11.978819
 0.517500 1.157541 14.550787
 0.525000 1.273507 16.086845
 0.532500 1.389269 14.136330
 0.540000 1.477312 9.179637
 0.547500 1.528454 4.954322
 0.555000 1.558433 3.398786
 0.562500 1.577447 1.361926
 0.570000 1.575264 -1.609702
 0.577500 1.560705 -1.684890
 0.585000 1.548985 -1.827827
 0.592500 1.525357 -4.503471
 0.600000 1.484809 -5.778356
 0.607500 1.439211 -6.650826
 0.615000 1.373647 -11.348659
 0.622500 1.268386 -15.863025
 0.630000 1.152232 -13.944210
 0.637500 1.063961 -9.880331
 0.645000 0.991658 -10.037582
 0.652500 0.909574 -11.318616
 0.660000 0.834646 -7.549335
 0.667500 0.803196 -1.089289
 0.675000 0.802692 -0.240083
 0.682500 0.786986 -3.940894
 0.690000 0.751101 -4.724176
 0.697500 0.724363 -2.323294
 0.705000 0.706906 -3.272594
 0.712500 0.663441 -8.422380
 0.720000 0.589788 -9.867391
 0.727500 0.535241 -3.718325
 0.735000 0.533202 2.261155
 0.742500 0.549096 0.926632
 0.750000 0.541522 -2.467367
 0.757500 0.522473 -1.967183
 0.765000 0.514022 -0.488982
 0.772500 0.510626 -0.528669
 0.780000 0.505657 -0.835259
 0.787500 0.492832 -3.035414
 0.795000 0.455683 -6.623462
 0.802500 0.404335 -5.996260
 0.810000 0.377625 -0.770888
 0.817500 0.388703 3.103901
 0.825000 0.413724 3.077637
 0.832500 0.429634 1.003249
 0.840000 0.426356 -1.892928
 0.847500 0.403307 -3.867770
 0.855000 0.375598 -2.995835
 0.862500 0.363223 -0.199839
 0.870000 0.369818 1.634507
 0.877500 0.382384 1.541381
 0.885000 0.392634 1.358506
 0.892500 0.404063 1.681977
 0.900000 0.415670 1.306031
 0.907500 0.423909 1.089224
 0.915000 0.433771 1.505674
 0.922500 0.441907 0.346341
 0.930000 0.438086 -0.957713
 0.937500 0.435725 0.748419
 0.945000 0.447572 1.905002
 0.952500 0.455840 0.069253
 0.960000 0.451835 -0.534290
 0.967500 0.455473 1.745601
 0.975000 0.472942 2.213200
 0.982500 0.477512 -1.398619
 0.990000 0.452975 -4.594627
 0.997500 0.417255 -4.485411
 1.005000 0.388182 -3.193824
 1.012500 0.371233 -1.053977
 1.020000 0.375205 2.159265
 1.027500 0.398433 3.444508
 1.035000 0.416579 0.927627
 1.042500 0.410095 -2.464356
 1.050000 0.382842 -4.606449
 1.057500 0.342773 -5.849769
 1.065000 0.301131 -4.619667
 1.072500 0.281127 -0.465232
 1.080000 0.290301 2.365603
 1.087500 0.306909 1.567033
 1.095000 0.307958 -1.502065
 1.102500 0.283943 -4.592332
 1.110000 0.247829 -4.266312
 1.117500 0.228668 -0.618931
 1.125000 0.233894 1.311334
 1.132500 0.237231 -0.806080
 1.140000 0.224071 -2.032495
 1.147500 0.216771 0.458592
 1.155000 0.227210 1.587857
 1.162500 0.229060 -1.472190
 1.170000 0.208298 -3.337851
 1.177500 0.189760 -1.157839
 1.185000 0.190213 0.873825
 1.192500 0.196116 0.443343
 1.200000 0.196946 0.017420
 1.207500 0.199597 0.833001
 1.215000 0.209026 1.539211
 1.222500 0.219297 0.979540
 1.230000 0.221075 -0.509374
 1.237500 0.214373 -0.902628
 1.245000 0.212166 0.459157
 1.252500 0.218700 0.922438
 1.260000 0.220949 -0.430577
 1.267500 0.213843 -1.188712
 1.275000 0.206522 -0.611088
 1.282500 0.204653 0.030839
 1.290000 0.205039 -0.019240
 1.297500 0.203440 -0.414030
 1.305000 0.198884 -0.705352
 1.312500 0.195604 0.120643
 1.320000 0.203503 1.993972
 1.327500 0.220742 2.060706
 1.335000 0.226596 -0.731599
 1.342500 0.211941 -2.719541
 1.350000 0.191925 -2.336019
 1.357500 0.179057 -1.006028
 1.365000 0.176521 0.170151
 1.372500 0.177488 -0.110778
 1.380000 0.174994 -0.309911
 1.387500 0.175581 0.453447
 1.395000 0.177513 -0.305605
 1.402500 0.168746 -1.800571
 1.410000 0.157608 -0.678014
 1.417500 0.160750 1.327651
 1.425000 0.172449 1.507600
 1.432500 0.181656 1.003743
 1.440000 0.188663 0.891729
 1.447500 0.192743 -0.060095
 1.455000 0.185366 -1.793640
 1.462500 0.171339 -1.456775
 1.470000 0.167727 0.502059
 1.477500 0.175335 1.222515
 1.485000 0.182743 0.700293
 1.492500 0.186447 0.376084
 1.500000 0.189359 -0.040830
