#! FIELDS d2 hhw2 dhhw2_d2
#! SET normalisation  100000.000000
#! SET min_d2 0
#! SET max_d2 3
#! SET nbins_d2  200
#! SET periodic_d2 false
 0.000000 66673847838355862546768635833794691072.000000 0.000000
 0.015000 0.000000 0.000000
 0.030000 0.000000 0.000000
 0.045000 0.000000 0.000000
 0.060000 0.000000 0.000000
 0.075000 0.000000 0.000000
 0.090000 0.000000 0.000000
 0.105000 0.000000 0.000000
 0.120000 0.000000 0.000000
 0.135000 0.000000 0.000000
 0.150000 0.000000 0.000000
 0.165000 0.000000 0.000000
 0.180000 0.000000 0.000000
 0.195000 0.000000 0.000000
 0.210000 0.000000 0.000000
 0.225000 0.000000 0.000000
 0.240000 0.000000 0.000000
 0.255000 0.000000 0.000000
 0.270000 0.000000 0.000000
 0.285000 0.000000 0.000000
 0.300000 0.000000 0.000000
 0.315000 0.000000 0.000000
 0.330000 0.000000 0.000000
 0.345000 0.000000 0.000000
 0.360000 0.000000 0.000000
 0.375000 0.000000 0.000000
 0.390000 0.000000 0.000000
 0.405000 0.000000 0.000000
 0.420000 0.000000 0.000000
 0.435000 996522.870988 219003340.049931
 0.450000 56910053.464880 11136046724.037762
 0.465000 883331302.907767 143681576426.155670
 0.480000 9954644034.720581 1428949052113.399902
 0.495000 75445492367.079483 9493574324436.843750
 0.510000 17739212844188723200.000000 3491650348301218217984.000000
 0.525000 15322699376353557348352.000000 3300202510644247261085696.000000
 0.540000 4262760557401751500619776.000000 878760232874092250104070144.000000
 0.555000 4865370806636609547022630912.000000 1000819881637576833353677537280.000000
 0.570000 206272184992243357251908141056.000000 40991737964958450463439979544576.000000
 0.585000 3363195372048858078303704055808.000000 574665942492115915164395964989440.000000
 0.600000 35789694863459977367882383228928.000000 5094386054784845498221546774200320.000000
 0.615000 252518907295500650258167452663808.000000 29483632154749742429241591900143616.000000
 0.630000 1283289335857643462483890694782976.000000 129111017877390332641126166686597120.000000
 0.645000 5528755054788279059414366193451008.000000 523663369130443387785325569363673088.000000
 0.660000 21740916092691381213737642935451648.000000 1874725839323900683404923761456054272.000000
 0.675000 70424287315421146607468905305735168.000000 4893169128041096648889268253197598720.000000
 0.690000 173386139637199860185028391700791296.000000 8831182813662214270528672346585169920.000000
 0.705000 332528572191969141126782038543695872.000000 12316858272802742305807603483679916032.000000
 0.720000 547722106068331625607483679710380032.000000 16790273148497183363148937206106685440.000000
 0.735000 853627811078473206313891260394373120.000000 24614103387114901874996292353007812608.000000
 0.750000 1305842247633808686614149018788298752.000000 36402931668502035415653031791627862016.000000
 0.765000 1969473868703851465889212573788667904.000000 52677332982077005750099694050242199552.000000
 0.780000 2893623549004630454300427307945295872.000000 70687588262361447832748246188945309696.000000
 0.795000 4489438564073662592642532371735773184.000000 174387302467526238803197302772206665728.000000
 0.810000 13192113286600799860255842290011996160.000000 1410831301660210751659941771397107286016.000000
 0.825000 83357353093138027421473037741906198528.000000 10455701482621868704916027909683892191232.000000
 0.840000 464409071799625900000499277430150660096.000000 46779971070727897292887212965032588476416.000000
 0.855000 1693354736896407053507794246695928201216.000000 123291449245425322531950420289939507773440.000000
 0.870000 4451855422232496966429247987102706040832.000000 267052569348465796131090092724749955235840.000000
 0.885000 11378701215523150249709624940504096440320.000000 749314281557081119210936428926430355652608.000000
 0.900000 29737542174550575896256427592662636298240.000000 1737267220210769887552106193705045439021056.000000
 0.915000 61501640967870908578261234900327559331840.000000 2369839038204887349175509540539113272246272.000000
 0.930000 102588351298708101988715613326542435778560.000000 3544627501923069867994240329991748128342016.000000
 0.945000 196303904176903774317267354883890413043712.000000 10258276784418042314712689445215714058174464.000000
 0.960000 458962934737072250612903438077411184345088.000000 26735411526951693909527519748251601061543936.000000
 0.975000 1117483957953834862157881031900926411014144.000000 68337399676632179592325780351860393182756864.000000
 0.990000 3089188960896671446304269428084948749778944.000000 230809028646848408748856245324969029163548672.000000
 1.005000 11967327156852402773700950364420431499231232.000000 1210042854350022256629057147812410270666457088.000000
 1.020000 63514706665883945911955971684989033248718848.000000 7431377341119615855653719647953863116677185536.000000
 1.035000 367105852409725305479189699180614639134179328.000000 41328834340592233692736318318024067919881699328.000000
 1.050000 1766745354023638894368142157400120483576283136.000000 169044487693364320773367290341668781390003437568.000000
 1.065000 6474792411944863003915633614462050580811481088.000000 502938050186600926202579123446160709063563804672.000000
 1.080000 18517490171223582268364455662138303337803546624.000000 1166634278157424312882153693373301589300345831424.000000
 1.095000 43495160051616319039565263177559381626417315840.000000 2224490595615642619964257725395697266397965975552.000000
 1.110000 86637052455011267951436038102411967101740777472.000000 3553661381713957557835193194490377958498792112128.000000
 1.125000 150298439634912822185962194736868523647516540928.000000 4916189097896802351649522452374248139124981628928.000000
 1.140000 232598689108475852005537511833031814792829992960.000000 5966943179054674206738547026418658846646388916224.000000
 1.155000 324763510313046660936839084781028858028613435392.000000 6073478135406516382207008936054528404829633511424.000000
 1.170000 402814662112106919888859030700836639161473564672.000000 3794059993769247113262187919143306301730285682688.000000
 1.185000 422821608075844571144094509751836076217806618624.000000 -1466927258557442521731435121060178778233812025344.000000
 1.200000 359439604342165102107399656944112753276184690688.000000 -6592070225775881888836120230827566707719700217856.000000
 1.215000 242971388609842094709895778960028940837450678272.000000 -8267909715786342448714566297201854785856989036544.000000
 1.230000 128397838071865064724907776579403175443581370368.000000 -6587719001377154460405773960897141703540142505984.000000
 1.245000 51559639991661108974673065788375214112337035264.000000 -3629883980636418741025622409085791822960945790976.000000
 1.260000 15464729071434128565059385968893459743295668224.000000 -1377377173938786250352822800391237017234101501952.000000
 1.275000 3548170145317233093552079391078001974584541184.000000 -367676568892039006168749943208583406561106329600.000000
 1.290000 664940136543593280784752718110496741727928320.000000 -72922369722575362525681314143426805764513071104.000000
 1.305000 115046795468164714857744210677407093727690752.000000 -12544629627081152865469147777528263686920077312.000000
 1.320000 19310797821294465887430225200830043069087744.000000 -2190469024821422397812639687481904492401655808.000000
 1.335000 2825974948191993819551142984387053429456896.000000 -362872179327765364431492581591242973435133952.000000
 1.350000 350552020243798798469779608537453452853248.000000 -39935583309781755553958704074811751769571328.000000
 1.365000 149438362553527182791891009102836240744448.000000 3021441085179167161019508140359763005276160.000000
 1.380000 225206196260812850042051681044776557215744.000000 5922603344042895197183765568231286411100160.000000
 1.395000 293711213486004329272377928798029001785344.000000 2521869535252264295805811560742919549747200.000000
 1.410000 288277887008447995914676165062994650202112.000000 -3255542251382914567480307019272306116526080.000000
 1.425000 208453128708354207546088350517377632305152.000000 -6670784719721224042524886634597546968743936.000000
 1.440000 110332757466512732622102857882563919216640.000000 -5817226843872388116772869927302821773836288.000000
 1.455000 43256890797806646681804185288003475734528.000000 -3082857468512798699673113108959931825913856.000000
 1.470000 13671106298318935781489046767019975770112.000000 -1071552004158788352544543464595906162065408.000000
 1.485000 4616126679994651754785909434452908441600.000000 -278062382612916347070251270682083166519296.000000
 1.500000 2129293243110827903015475513307168768000.000000 -93167038676261412696423963819439697166336.000000
 1.515000 1071701679195979586376551897032787230720.000000 -50825972480573940985925802899571977748480.000000
 1.530000 504729856022507311602332268072229928960.000000 -25460405734480482498757572795553110032384.000000
 1.545000 253563595007175601416472927628695699456.000000 -9679854466903246991329238278744796299264.000000
 1.560000 165871854759376630355323096496307437568.000000 -3049771906757438281831720780734197137408.000000
 1.575000 137282398423917079972433875226224230400.000000 -1127343535976715385729428600136296038400.000000
 1.590000 124018576764820046460288963961457475584.000000 -684144723846944334685859856187211644928.000000
 1.605000 116182739717161762181181252736087228416.000000 -334857020693799956872466717336806621184.000000
 1.620000 113507695004272246653883501958456672256.000000 -57276317589729785347236075600196141056.000000
 1.635000 112518983928309178551242170089628237824.000000 -128712305644678523977524443587681452032.000000
 1.650000 108755711778766586300264542023830208512.000000 -356312796871628124450231859946700406784.000000
 1.665000 102794014039867215903548393362129158144.000000 -396483446157512733925764901617572773888.000000
 1.680000 97526819335414173416738587400416002048.000000 -291483984838808443448310444201384869888.000000
 1.695000 94069404259923436721696221092974166016.000000 -170883851959157591665068015581606707200.000000
 1.710000 92024537015599022542304690051957653504.000000 -107759059305476317771773639675825094656.000000
 1.725000 90923574000948050846309285773176733696.000000 -13938886448068472181898896135983988736.000000
 1.740000 92190219817862829651577057023193251840.000000 192503411692638904085926953217035337728.000000
 1.755000 96039728041149408318241279852668780544.000000 282846122286335678036411289235722600448.000000
 1.770000 99316933374304220739702161229859520512.000000 124736571814405901135952412657403822080.000000
 1.785000 99482477897052838181302249256956985344.000000 -80955630786947818266376410385472290816.000000
 1.800000 98047430110436062268234834455625203712.000000 -57715309476180695992187990195165986816.000000
 1.815000 98648840742084482754589909688862638080.000000 139249362507489078697310427741742432256.000000
 1.830000 101163641303978514208860058469749751808.000000 146837009715123804554518056283775434752.000000
 1.845000 101885780493147305490056647973521063936.000000 -53585781401902192619498262073821888512.000000
 1.860000 100450285285526474795296116127807045632.000000 -75557954595449797216764226180797693952.000000
 1.875000 101369395843555445861343630280001323008.000000 242716237861316545003862272777648078848.000000
 1.890000 107741836825728742713680185909126889472.000000 567679098828801412238142895153064443904.000000
 1.905000 116183403108463493091734646893028835328.000000 481488097878799556839504639585289240576.000000
 1.920000 120707686065603446362003692386854633472.000000 126090385503073136319587584404677984256.000000
 1.935000 121144241211068039344933237337272352768.000000 -6450160990292005575461371214557085696.000000
 1.950000 121599280056593630768348770754554232832.000000 77358568723452635359868553865541451776.000000
 1.965000 123077011411436795346469356723278708736.000000 108180882685568429078295970518939992064.000000
 1.980000 124599241439364245478769898040749719552.000000 93971708224436642528494575337871507456.000000
 1.995000 125328969885108698685758770422667542528.000000 -18221390731536115983778818386319900672.000000
 2.010000 123789106123770635736275049625367347200.000000 -151636177715231571260228916585477177344.000000
 2.025000 122520534308383254167026042063565094912.000000 45898859804715993401389289995472207872.000000
 2.040000 125609217361625331717860623802395787264.000000 343256391244277575095566437062123978752.000000
 2.055000 131575556259872440865055624759858954240.000000 426986234475340973714703137691079278592.000000
 2.070000 138056691044391000125713794993351557120.000000 439315477977459997187535323007427805184.000000
 2.085000 144300088457856927467991458471162675200.000000 372963098937297169244908980543651053568.000000
 2.100000 148635842573904392453048591969735933952.000000 222915423557515266529254785347120791552.000000
 2.115000 152819390410125608965823032740013932544.000000 430891238303741707933574786651355348992.000000
 2.130000 163145972582705125701074813297098752000.000000 926597750828430079691321882472146272256.000000
 2.145000 177497012911062957074209621482923884544.000000 858396649175495631646970144046192787456.000000
 2.160000 186354299942965224867060656220953116672.000000 323670523279093383582049945213892296704.000000
 2.175000 188878355237883735141578972083125223424.000000 98258933768423683082776252181897019392.000000
 2.190000 190465647917821785925914150229791211520.000000 99501476651256812032586281697402683392.000000
 2.205000 189896518316208168705737899120753901568.000000 -232135359222899341883415371513163939840.000000
 2.220000 183961454263935445010711624982026256384.000000 -435991467443541931076987724582191366144.000000
 2.235000 181747492099396902366663315730649317376.000000 299825636297438879940269608851122159616.000000
 2.250000 194259141608172040115365872177566973952.000000 1293890987462390620763973006966185263104.000000
 2.265000 215158852829302139025245219940416356352.000000 1280198521718309644279124635493869813760.000000
 2.280000 227567234589993995927674391026596839424.000000 314557135318195340319179723710379589632.000000
 2.295000 226104161321023734760703440155299545088.000000 -352889879571949901933476556975542108160.000000
 2.310000 222141644558516008312454227459808690176.000000 -21140167325910363060599958095353872384.000000
 2.325000 227505292803697789219740541244456042496.000000 725157944631905205928216003328178388992.000000
 2.340000 241626137611814572400034873593091325952.000000 1072431843991187363394702420101084217344.000000
 2.355000 257306142441120398039087133817281970176.000000 968563491129754724637063262613507407872.000000
 2.370000 269282060676056409249759988581775966208.000000 613709833607525716734655454623544901632.000000
 2.385000 276109894052199063187570643709424828416.000000 362376627317097204723994098634013540352.000000
 2.400000 282503176496419011702365917024790511616.000000 584190503195118464449751132636497051648.000000
 2.415000 295897810089417263912742571445214773248.000000 1269734728506291507942991093646254669824.000000
 2.430000 320626949669440910171135531539494862848.000000 1960187449381537961574480110143395594240.000000
 2.445000 349943998000018219661614881307187216384.000000 1770677870699584450875345191217185947648.000000
 2.460000 369763425092987618607696236641238646784.000000 848569857910135452393794911293516283904.000000
 2.475000 376595336650467116007279882994616107008.000000 152740428665941063093984066548761886720.000000
 2.490000 376831065199719562205216288851233865728.000000 -20793304769406356452848812439459856384.000000
 2.505000 378560167430175606929189977579281448960.000000 317633198691868699970772138832093511680.000000
 2.520000 385117871798940442655837671369924935680.000000 433904052322714635055647393837880442880.000000
 2.535000 386707151047832759648711898825039544320.000000 -305228484684327450194762315516134555648.000000
 2.550000 376182288007978793070576561160905031680.000000 -993132155995315365212986393800174731264.000000
 2.565000 358990075156966131761839170616758894592.000000 -1260604022178603526893375949639845412864.000000
 2.580000 338375894260930824638747434193017372672.000000 -1444978423481561173513866744555095719936.000000
 2.595000 317460395461807775221402967603410894848.000000 -1248645003478831243431392151470574927872.000000
 2.610000 302894597291188534141975657678278492160.000000 -617094380135240318927584867420811034624.000000
 2.625000 300050895113408687318636850951221149696.000000 259624787469689148367822441536139821056.000000
 2.640000 308465181162362903741499428342662692864.000000 727789877626021632602692323843055288320.000000
 2.655000 316432946204329653410578273158754729984.000000 196784229276795779434554058518242000896.000000
 2.670000 312798559725838919701002180557661011968.000000 -593656326212098008218573823501687324672.000000
 2.685000 302882149973760931596832074694416924672.000000 -573437813331096932685553051320868405248.000000
 2.700000 297470875850736171432782441799865073664.000000 -154764069317320045989913714067314311168.000000
 2.715000 296891785390300628186363704375699832832.000000 61471469400322706087688847152507781120.000000
 2.730000 298779609955554113624816820576535445504.000000 183722026702357496744776668273300209664.000000
 2.745000 300689830448899270694423781534850875392.000000 10797235331523957112606844325462016000.000000
 2.760000 297422351426361339856805521557181956096.000000 -436491268348646705543765581069633454080.000000
 2.775000 288606704485618929758013242635238506496.000000 -685490638539473324868496566269910188032.000000
 2.790000 277142316519514283945447474274655797248.000000 -840180927948251034376850426669530349568.000000
 2.805000 263720446294381785231890605370893139968.000000 -873499938512000399743883212413391077376.000000
 2.820000 253799111429885383086687869281606041600.000000 -348424825673392192962046854903418060800.000000
 2.835000 253670643948257315228469446460162703360.000000 277835829698180501002901357328653615104.000000
 2.850000 258970963276039627570771492453981618176.000000 351177866086019595623870417968369238016.000000
 2.865000 262726852458914073784363681793219493888.000000 154204897088543265819844986855877509120.000000
 2.880000 263511299230994332570187439237259853824.000000 -39178392826399360142120550590538842112.000000
 2.895000 261364949619822734818724885405970202624.000000 -239111279826970924738941414420867186688.000000
 2.910000 256250033298413712879983712815579922432.000000 -440901243010114184385891552582954909696.000000
 2.925000 247621221853578301626704880034495070208.000000 -712216944168226671834307575844163289088.000000
 2.940000 235101223398676357714736173758795481088.000000 -899568923650201547237368360267262459904.000000
 2.955000 222837591112814294132578902255834497024.000000 -645454010684088067981643399194449281024.000000
 2.970000 217168292976014286562705296059529166848.000000 -87072811948216085622861098373949161472.000000
 2.985000 219425934455985923375728229554126323712.000000 338532043566437434617950977505148010496.000000
 3.000000 227528414240660255109205757146666369024.000000 218727905518815946911284781875655081984.000000
